023012
027308
031108
125200
203952
204159
204776
205055
205414
205777
205786
206338
206504
207270
207407
208153
208469
209861
210103
210190
210289
210315
210445
210446
210460
210595
210600
210627
210632
210634
210882
210897
211040
211114
211118
211165
211174
211218
211257
211297
211342
211358
211365
211643
211947
212091
212124
212286
212306
212417
212485
212577
212656
212882
212940
213113
213141
213159
213493
213569
213911
213955
214014
214212
214248
214312
214421
214524
214571
214596
214611
214769
214782
214794
214911
215224
215316
215401

