000000829055
000002038926
000002296749
000002666262
000004004697
000005182386
000005432841
000006314205
000006502630
000007025997
000007580813
000007885795
000010643071
000012029891
000015398752
000016146243
000016408573
000018904077
000019025504
000021053574
000022456630
000023063758
000023746158
000024996321
000025229476
000028264513
000029280369
000030029083
000031561113
000032585091
000033545889
000036043675
000036383037
000038072766
000040623634
000042169862
000042449851
000043189743
000043525440
000043968174
000045531867
000048055201
000048190933
000048616789
000048727429
000050394705
000051671690
000052774607
000053120454
000053515504
000054515697
000054633971
000055098445
000055499880
000056783265
000057113773
000057133727
000061943676
000064210895
000064564726
000064851530
000066378811
000067052967
000067300471
000069253270
000069366941
000071566792
000072545430
000072882642
000073858659
000075845061
000078656634
000078709917
000080303743
000080375257
000083248719
000084739007
000084767819
000085498115
000085629129
000087248884
000088968610
000094998851
000098442422
000000458976
000000942170
000001088410
000001380042
000001441076
000002103894
000004285802
000004566373
000005571072
000005973857
000005978534
000006006399
000006210895
000007879783
000008089574
000008337444
000010847852
000010867560
000011920822
000013361778
000013377477
000014781115
000016849676
000017225963
000017819722
000018113022
000018155653
000018801650
000019543161
000020570622
000021424019
000022084493
000024118708
000025507276
000027424470
000027986310
000028127454
000028810662
000029708729
000030395922
000030695561
000031548817
000031966463
000032344228
000032569118
000032581973
000032617813
000032719604
000033183713
000033925730
000034532105
000034541849
000034621212
000036160199
000036232609
000036503289
000037098647
000037280746
000037516467
000038301702
000038436183
000038472262
000038522325
000038760566
000038793721
000039215990
000040121781
000040485442
000040756667
000040983467
000041383458
000042288666
000042979666
000044121224
000044385922
000044600713
000046457090
000047174916
000047595381
000048028426
000048473246
000048550187
000049623543
000049731299
000050220613
000051006883
000051076110
000051293841
000051649816
000052356720
000052506288
000053971707
000054890823
000055478711
000055518941
000056197206
000057401705
000058038606
000058060181
000059169753
000061050550
000061869818
000062632949
000062947970
000063174690
000065084605
000065251291
000065871415
000066980267
000067659985
000068674859
000069026991
000069832522
000071293261
000071483529
000072291976
000072914941
000074226093
000074960132
000075333992
000075809342
000076153018
000076279488
000076631575
000077008362
000077380027
000078139248
000078862327
000079947544
000081006258
000082880964
000083049855
000083830785
000084918460
000086116554
000086922038
000088041500
000088297864
000088458966
000088843492
000090651669
000091492921
000092208408
000092318687
000092381250
000094428008
000095416815
000095507335
000095913035
000096052273
000097044662
000097925374
000098958194
000099561404
000005895110
000084121507
000005055175
000086259237
000019340307
000001038801
000079415209
000018494678
000014765341
000033828020
000099297662
000031655253
000051445049
000034268536
000073691245
000060941904
000090579038
000077402830
000068717425
000080931535
000013623993
000074172434
000030212082
000011693075
000002190836
000069421800
000080180835
000014665299
000083322487
000097386630
000098720163
000003760270
000080338344
000080301458
000072070868
000020113627
000062858760
000095823901
000007586696
000035247720
000059951813
000066012310
000010000952
000025033608
000005839877
000026123134
000007062184
000096528581
000056673014
000029580680
000047507426
000073668053
000038965837
000047975799
000013025821
000002042617
000067110223
000055577076
000040515445
000056757425
000091217716
000039167123
000025492584
000060919135
000074277356
000030594292
000056671932
000093770181
000074102261
000055203542
000025122236
000014141334
000045793384
000067040028
000014900642
000049403856
000095023810
000074709697
000035661078
000045049720
000053730509
000010917199
000094216902
000081019439
000086481815
000003970752
000032638585
000017696979
000057515374
000023764540
000077539339
000073639449
000096892547
000018349150
000021313782
000000215284
000015539449
000024748722
000014438794
000046184877
000068217535
000042728834
000042749560
000086977385
000030374303
000039453204
000092820066
000092260456
000035790894
000077471520
000058140414
000048047387
000029471033
000000540905
000073420500
000016634839
000037643558
000031809219
000024115048
000014435937
000063989137
000036525962
000080232105
000052803006
000066929613
000060530234
000023343892
000019051332
000065007029
000070124136
000020841951
000097456086
000025073654
000026698359
000088956613
000017072628
000018090882
000044982406
000035460628
000042158215
000018632052
000020796903
000014045403
000089047261
000001357508
000030515864
000018490401
000069434928
000013697017
000027578624
000022825752
000017595567
000028669499
000044258214
000020278160
000004702312
000073231355
000069973472
000042479340
000075127752
000012582808
000011019827
000031622058
000045395327
000065259482
000036630759
000068764347
000065320945
000071218732
000072966134
000024477110
000034646163
000054403403
000086100102
000087216041
000007420435
000021777172
000024346109
000053744289
000061499631
000025937787
000009672632
000051980538
000041765496
000006194918
000044165129
000073108506
000078410552
000092084654
000092159995
000031070544
000098205180
000098847514
000003023509
000012409076
000061298230
000083308215
000092671066
000020355013
000035635841
000032067534
000057872147
000031130729
000025356336
000089179801
000072198640
000037509984
000093697047
000009616716
000000106601
000022295030
000075126114
000065734961
000059112626
000063692543
000051289725
000045508977
000028778800
000082295780
000098077078
000035524006
000075278325
000001311901
000047102665
000021245205
000086975524
000016140261
000046765850
000065270890
000046226352
000082298736
000065567637
000094180305
000055906043
000066507352
000028512342
000059017806
000032116540
000077975320
000044104406
000053554600
000038583236
000080856937
000006905767
000009551323
000024055584
000072303758
000008685800
000082484651
000006975136
000072665619
000087063383
000071390350
000004118866
000099345085
000006177246
000067593241
000044395728
000079033962
000025171057
000044553176
000001689886
000063043079
000025390890
000001123104
000058051736
000049374360
000057728231
000034279191
000066485079
000050023214
000064913138
000060718231
000086716306
000007764421
000022202071
000086977706
000012079621
000094090604
000022819584
000024610901
000092186097
000081606719
000014850118
000063951655
000027553119
000044647495
000077729708
000055793162
000026545049
000078836365
000064814274
000089690901
000094656857
000014803670
000094989507
000071786406
000036903472
000076972990
000096196382
000085724167
000065447843
000049483266
000072819674
000041610677
000044103403
000001338177
000093205472
000003991592
000066328899
000030383377
000092865408
000058634281
000038728463
000085965300
000014185243
000019045452
000047245633
000047405358
000035490507
000079831593
000061003104
000034241299
000035004186
000086071132
000012764460
000002757585
000018198634
000037041127
000093247658
000076936765
000077983500
000080619139
000055982442
000023079648
000052375919
000069379423
000038916315
000018278130
000082765463
000028745800
000034255297
000044915520
000090208234
000071672039
000035620929
000060942682
000088060095
000081795463
000032899225
000087109149
000074731388
000012988699
000069952570
000047690807
000038221741
000061538083
000092002804
000065833786
000027074970
000044836688
000070675464
000000663084
000004908925
000022477874
000082195927
000040032718
000006000160
000092458933
000055440249
000084791358
000055104004
000004527509
000077511665
000007347207
000006504519
000017221560
000020843854
000061918098
000071097171
000089691577
000008773013
000038659983
000048796945
000059564066
000061630843
000075698628
000061019030
000004631192
000085417248
000007965462
000016056416
000013243745
000020035682
000024002283
000065999822
000024518088
000082779574
000066137615
000024041790
000001717528
000094141243
000026045785
000054758073
000000240546
000053320582
000070528422
000097967328
000070198928
000081584850
000059343528
000088742254
000077631822
000067342911
000048054415
000069795852
000032804781
000088106971
000078571667
000076434221
000007127936
000091899826
000057172435
000083252295
000098537667
000055760095
000076794351
000022105198
000007779851
000093454722
000026047145
000036495714
000087825984
000042385846
000021834733
000097659232
000064672179
000057598971
000005901115
000016720517
000019432693
000043588052
000043784766
000067150670
000020251176
000074384224
000064999269
000099433083
000048201226
000068217983
000086167623
000083648239
000039776858
000038622807
000006021063
000033272497
000026554536
000067467964
000085281759
000080461839
000043720294
000010813059
000016590495
000071745949
000069842669
000048828414
000063213959
000035936114
000052117549
000008349556
000094594928
000003504454
000022482211
000078375316
000056698057
000042863005
000085791572
000054302866
000061781607
000036973832
000035885865
000098516748
000077857132
000033045305
000047028244
000066715400
000002109942
000030954633
000081682522
000057105753
000027085653
000001617607
000033889562
000000602062
000019767886
000001720362
000043057617
000043027131
000084828767
000095957207
000030775893
000029258014
000040233957
000080739123
000013325745
000070086597
000056896315
000091501582
000099416807
000014876521
000026997764
000086604766
000001283761
000064640797
000070830069
000037058553
000009736077
000009474438
000050395729
000075993279
000063262503
000055960242
000077287526
000002676862
000000297685
000064893803
000097982061
000044753182
000063770152
000014009454
000033433011
000077660233
000077689671
000043209687
000087762880
000005191496
000035410225
000097329782
000061449767
000034487218
000047119736
000022927920
000059392332
000037103996
000069673106
000000397377
000088329552
000052172018
000034754250
000014178831
000061581707
000083312089
000053892023
000067192845
000007324890
000079807538
000069649348
000093142747
000083829193
000061847212
000067488444
000057944398
000096596623
000003328367
000027981638
000056955546
000055971614
000003610829
000077623592
000037045417
000063985887
000083387100
000029061783
000088683330
000084138979
000093649142
000092548129
000016151232
000064309040
000044576096
000093759994
000078673570
000055988721
000017989042
000043217738
000012975877
000079591035
000058066497
000057743372
000011662485
000063366503
000030643915
000099954902
000072747147
000018983258
000001023924
000022698017
000009808250
000083785552
000019211795
000013818625
000020537630
000087316942
000044598564
000035587656
000021496213
000047352844
000031171219
000099604669
000073312240
000029257136
000083236777
000033860514
000089971463
000046776165
000022531572
000083522010
000045835265
000062719865
000056595836
000017575210
000024681881
000079748525
000071766352
000006504813
000005446254
000021131361
000065918990
000072579465
000045234090
000066786760
000023431130
000097707135
000061829162
000068849025
000058577586
000081805725
000015411565
000056117209
000001885390
000000308867
000056489644
000038979988
000021729241
000004794212
000068802565
000006506393
000076517325
000073767391
000045863294
000045696465
000072947804
000084724166
000062936394
000034508719
000074104786
000078298644
000094505850
000028769581
000014540698
000064214718
000087817879
000016190159
000045479165
000034924989
000049321994
000088874143
000007787644
000067988654
000020418061
000064707465
000076487037
000082930853
000081893696
000049955047
000012629290
000038976393
000018283421
000084838602
000083749433
000091414961
000080491858
000043102413
000000737577
000038666520
000082149344
000066785801
000051436842
000055619168
000058616416
000004885471
000002682961
000016708319
000013148228
000008043474
000064043761
000041213271
000042673088
000075315363
000086458347
000034829301
000099875982
000097798177
000065700991
000019031295
000016466990
000036529694
000026055540
000040590177
000044775808
000059453804
000068049177
000022245441
000061561596
000006260065
000066798817
000096259931
000064233992
000004032825
000084915055
000039253420
000084210744
000071572282
000031834764
000013424686
000083723691
000006471914
000067260838
000085526309
000073811405
000040428739
000063650078
000006368349
000009354168
000059746715
000008592847
000095958758
000083358101
000062803628
000042396259
000048935365
000012953830
000054987500
000033691855
000044162453
000001889268
000046280277
000029313096
000054389991
000006272781
000012119704
000074179558
000003672597
000092985697
000081956801
000086129563
000088964325
000017213220
000005683533
000098606547
000075751859
000053749618
000071422292
000098737210
000097793568
000004254555
000056896962
000026461756
000093239552
000019015082
000087353864
000051342034
000043321027
000032782232
000094345446
000030978066
000007867512
000035061633
000099334208
000054788610
000069242825
000081277898
000079206781
000027100173
000091697814
000080383784
000035299445
000047742366
000000075717
000065334806
000057541508
000079818517
000016405594
000081634564
000066457327
000035931532
000041429086
000024447518
000060334165
000083550867
000002485525
000099580654
000037503347
000083507055
000048541136
000020785775
000048250925
000071530527
000012715429
000047914118
000087961112
000005877888
000025517914
000018455372
000041224729
000017670753
000028467356
000008309107
000015059321
000083322473
000092589671
000085121344
000086549823
000044062132
000085068141
000061588737
000055744910
000075436265
000065503534
000083670951
000075148743
000080732340
000039530825
000011850463
000023561799
000042823353
000074586509
000066072621
000080137080
000060281382
000046681605
000030869248
000067630794
000003562821
000041434646
000094768500
000046086042
000018934340
000095136410
000093543288
000019912904
000061756624
000052065289
000006631894
000042694237
000041266477
000027255432
000041322973
000075539097
000006881937
000017994216
000093565878
000012837283
000033775752
000061504177
000035515967
000077436989
000070920329
000021218872
000075307459
000061507009
000063392194
000011399545
000042432941
000027095696
000095674647
000048908846
000001938036
000054625022
000042286891
000030385648
000072006664
000016448772
000077829727
000023896510
000095623407
000012485016
000015312177
000071767577
000006740371
000032062629
000084277163
000052352041
000026193033
000040983027
000030839590
000076310486
000017743852
000071107361
000015652081
000078043249
000080309952
000035569409
000080996663
000033343345
000046161596
000000871047
000028982808
000093254795
000077363112
000055528763
000086992161
000023875871
000075075255
000045544719
000081716527
000015439849
000016908046
000018217001
000082447909
000040544713
000021114224
000020401625
000038852160
000098989002
000060451857
000029614424
000023358860
000057847102
000026135259
000030621365
000009101441
000051336668
000090994778
000098562537
000098485091
000025821028
000028689545
000081924774
000020992356
000043378066
000057968987
000051456409
000056864858
000059791765
000004182298
000058754043
000090561418
000043559294
000061231173
000015293927
000005019076
000038685366
000078555266
000055723880
000014034138
000047381951
000075074865
000092335667
000091221714
000060380585
000085063701
000005437200
000036371007
000020776838
000034196193
000008681777
000009097916
000047472787
000047157916
000005451728
000079738869
000091038192
000027553757
000074201575
000098671905
000046996204
000079319968
000017945224
000073628015
000010058298
000037740824
000022888407
000057951360
000071039594
000016674081
000006756801
000098241852
000017821418
000051571318
000023755963
000010841340
000065086134
000002270310
000030649663
000048731895
000025378702
000021900616
000052639093
000029427900
000047317870
000020054476
000057046701
000000556983
000037805580
000074536549
000090838913
000075391235
000069156055
000085513661
000047188050
000048934345
000012208814
000014759699
000072525506
000091843900
000084158838
000057135861
000047501131
000017050113
000038616405
000096578365
000062180324
000026400185
000001781386
000054829951
000075460837
000032506627
000037236832
000052453731
000094807913
000049743945
000017406332
000002996147
000075273205
000050323155
000015937235
000099217838
000052638709
000033047849
000080955255
000069903630
000084407153
000014027707
000014268884
000033336692
000090571162
000002758817
000096149560
000098194253
000057151570
000000919771
000019943863
000062210205
000056361385
000056888495
000057359042
000060150091
000001598887
000012578656
000016288795
000094243275
000028185341
000016275727
000087280429
000034410504
000054678674
000055757334
000023977691
000034829621
000083095622
000020879424
000061120609
000025193415
000007705688
000060774324
000099930021
000092895731
000001298929
000083656920
000018094307
000061066708
000014786947
000035968441
000030779144
000063031549
000083827820
000075465686
000082205224
000027142434
000069159223
000056477328
000028104953
000078648508
000057508486
000070506641
000046433302
000050775428
000064800062
000041131877
000079279134
000068169738
000076165026
000061137506
000039945087
000045747373
000060768540
000053790569
000047621591
000066151792
000077545059
000064881320
000030090381
000043418470
000055969914
000079630427
000012645188
000069858614
000090771305
000052086724
000061541397
000074327708
000009407913
000029579255
000012203611
000049899818
000028852607
000088079695
000030151696
000083237051
000064082948
000080214993
000080609714
000017935365
000027597482
000070910152
000057686554
000029675379
000017576686
000047804329
000098929068
000077931327
000003629479
000039935082
000068173365
000041548748
000020830744
000027511167
000046354596
000020013673
000094265316
000065360091
000053912748
000087694854
000001939282
000073113515
000057173348
000083194915
000075142074
000072165508
000017060890
000048386902
000071332809
000087520552
000079920058
000054713646
000054766461
000068803649
000087954468
000066575316
000049314619
000080627914
000042036745
000019434152
000030742768
000046959166
000007478069
000073932354
000051829237
000041748802
000086939811
000037432477
000076762825
000007595869
000075198966
000042550252
000090557023
000097804317
000087495487
000053938707
000059932833
000019241588
000098600208
000074629155
000034277415
000084482871
000062418041
000053260245
000020971514
000077306439
000012391077
000037005099
000069029254
000000106871
000081599423
000096284070
000066195730
000024436422
000017480176
000004704480
000035159224
000012138673
000034862855
000067661866
000085356712
000086673294
000072824399
000026200823
000080961475
000093535053
000095263539
000010974785
000028189363
000081257882
000037836103
000082429116
000038361038
000072358748
000060561025
000019767938
000025527440
000036869525
000034296926
000002695459
000016003262
000045526627
000099104307
000035704260
000018838739
000048842744
000098232403
000095578455
000067528603
000039838208
000001388096
000025745071
000029751086
000020451157
000006652702
000066736177
000098845904
000055520374
000041177354
000015705369
000078056005
000002766073
000023580957
000027688788
000072628887
000016884888
000039287090
000010478494
000093371309
000094316246
000086105257
000005063402
000027858889
000099559419
000083057429
000041966278
000059973874
000039711869
000032982857
000011944593
000067766736
000066892780
000034343813
000065620046
000074601732
000003287674
000075578857
000041322204
000067955800
000070837846
000018952353
000083862457
000017837607
000058846772
000031088322
000094112037
000051133284
000038434060
000066847819
000082594744
000011922061
000094342759
000005352545
000096783194
000081007956
000022886093
000012809392
000024452285
000006997449
000075814401
000079471229
000023700572
000009740318
000090757912
000067221270
000049311998
000086727453
000009329324
000084123801
000060301120
000089569994
000088607616
000028827850
000025139569
000062182476
000054609183
000025532814
000099514690
000090848850
000021659535
000012646956
000000469693
000012288410
000054307255
000073661031
000000642263
000085348240
000026470206
000034252547
000008962238
000028250707
000099344314
000044090629
000090945437
000014376759
000065032538
000084675654
000047713161
000097096149
000055465932
000013351548
000028164869
000043573435
000045668095
000000613223
000050700783
000083068228
000070407053
000016711878
000026901488
000077867484
000054552397
000060577054
000082621571
000090194741
000050345245
000020015942
000022053782
000080780783
000092126350
000041026861
000057533759
000027242238
000024686194
000000724314
000019947904
000076544039
000011834339
000044284703
000009715842
000037821661
000060975892
000068776141
000007719491
000021415101
000055541364
000095077976
000051999613
000092075592
000016010156
000033555362
000040231228
000048663051
000028765335
000099616225
000049433852
000084104893
000007836916
000048284598
000055592955
000028490711
000000820294
000001121275
000027718055
000043036636
000045931469
000067893172
000062628090
000085877297
000084037702
000034406985
000001647364
000076847922
000073216432
000038429243
000003328816
000059591525
000049148426
000032642894
000081061941
000043926786
000030276332
000036214047
000052419978
000042643344
000025103079
000096245982
000027113512
000034458922
000003726191
000084343095
000018970311
000019683060
000007824030
000014084077
000031825112
000048958188
000080911260
000092432902
000029871328
000094878465
000010121092
000083780043
000067844279
000099873252
000093486366
000009963964
000074934634
000039710910
000086076571
000074452500
000067854391
000038690448
000043813881
000053000777
000052801880
000074757619
000021934920
000020051604
000010482778
000096849050
000022465536
000088315066
000079815065
000076466799
000095886795
000006721723
000097067339
000016777091
000048310052
000029980214
000063744260
000004068298
000043561374
000053431058
000082654000
000073347940
000029166355
000046320377
000038521433
000009682526
000093455351
000001163495
000003446566
000090253111
000002028964
000087255264
000058250315
000024585027
000079848243
000069895644
000014783858
000052448112
000059355209
000091474448
000090314183
000065746428
000034617147
000076254920
000087249996
000023426080
000051865546
000002437251
000029236228
000017759642
000000459848
000003712195
000000112288
000016376434
000096358046
000048797829
000013097762
000016521332
000088505139
000039923280
000025843987
000027798877
000025431745
000076516256
000097759862
000039678719
000023207511
000001383133
000019094771
000071090159
000013471924
000050973557
000069548777
000056100212
000093455698
000048846112
000035734504
000078531436
000018750014
000012089655
000019381646
000097970921
000080027030
000022858673
000099529479
000044211617
000045838081
000098814733
000088636908
000072066898
000095683953
000083381498
000037617376
000025497997
000021682831
000004504055
000096466079
000089235706
000000001274
000043875841
000090973178
000016352457
000090589474
000099002488
000039979193
000013679970
000072299221
000055836894
000060184938
000066092324
000065241453
000035845244
000091159380
000021757796
000073078851
000039826529
000004796887
000005642417
000083762870
000033048706
000065329281
000027157405
000047864744
000098724343
000067772668
000090814109
000020320615
000027368524
000016793507
000092170861
000086642327
000005002276
000074304888
000010951966
000045243088
000006507225
000080271792
000032887943
000011481313
000096391496
000028740917
000080109989
000054741718
000047727366
000077843394
000065933635
000060811069
000058294120
000001330914
000007167925
000025598251
000027409016
000013368755
000093240591
000084578371
000071765184
000052904972
000031630733
000075438006
000025254435
000026068501
000033030797
000093253307
000033013722
000035188593
000010295754
000081092960
000083539447
000000022453
000065159486
000001934375
000068824535
000043040398
000097555742
000031153238
000081975813
000025410823
000027315434
000083037309
000083589851
000035868343
000026629318
000025638314
000074996996
000096804971
000031851798
000058908172
000024161683
000045710328
000034315461
000094506022
000082047033
000078663263
000004412810
000015765805
000011104036
000003410870
000087738590
000085294275
000068223547
000081257501
000098385589
000050246680
000026722960
000088078827
000023032425
000009219140
000052862216
000032110235
000020667836
000079482591
000044099260
000062960940
000047117408
000064970679
000046903260
000056819618
000048135131
000064924364
000082922411
000052886278
000023818066
000048109235
000052285860
000020838293
000084167593
000042652865
000050271212
000028113492
000028359931
000052333308
000092335691
000087695151
000081919331
000026069147
000059057693
000033555046
000039583981
000004941007
000068223643
000010111807
000067498283
000005879696
000009803741
000068000499
000072155879
000066086086
000026876093
000099888850
000063489515
000025836330
000024495953
000027410033
000042855921
000029963972
000020631530
000007839943
000007047216
000054729776
000072449671
000082984707
000042878935
000021313420
000014900981
000069295276
000058656168
000015734458
000054198873
000057181907
000028568776
000011312832
000068649293
000009156142
000066619767
000070632868
000044520504
000012967847
000046806317
000019787898
000052210957
000040329097
000011030480
000008996449
000069481559
000047938666
000039522057
000069867258
000087296615
000040420290
000065240792
000095300616
000075478935
000054998665
000059325249
000091110028
000035402331
000051387606
000033116784
000024709811
000046400835
000062252904
000071364228
000061589239
000079977505
000074247248
000010394358
000066786810
000005627426
000063400084
000007843654
000052713040
000097739048
000013646768
000023813395
000085884443
000035077363
000035948709
000043347465
000075233772
000099747799
000049850700
000011310758
000060835696
000016069129
000072869403
000063873628
000029658673
000079807886
000087298622
000008633229
000014837805
000023639409
000016218711
000051722290
000012945962
000092072764
000059750105
000087747553
000099677574
000071640147
000077788846
000042764536
000014232183
000047137568
000054554147
000021073482
000022497296
000045376266
000002740742
000071138289
000088835784
000011491576
000020523107
000081745414
000025067315
000037743857
000078742900
000047755403
000082898095
000001664091
000062033832
000037372004
000057854264
000088290124
000094398044
000050968862
000057930100
000089444665
000079435532
000014893890
000014743165
000063218063
000096905332
000002371789
000010646873
000055417875
000019893323
000004622874
000092523261
000083490451
000040201562
000096138957
000025000478
000018931943
000057348284
000043804515
000060186708
000090129274
000077596543
000010400245
000088067659
000014947520
000030527827
000027363295
000023653487
000091803206
000024782190
000028813248
000070065392
000091362411
000040302134
000051530670
000084247324
000041495856
