000048055201
000048250925
000048616789
000048727429
000049321994
000059343528
000060334165
000023358860
000023746158
000035790894
000083749433
000083780043
000016146243
000016352457
000043189743
000000240546
000000397377
000028113492
000028359931
000028852607
000029579255
000075460837
000075845061
000076487037
000077471520
000010058298
000085629129
000094141243
000094878465
000038852160
000030374303
000031825112
000014438794
000014893890
000055499880
000057113773
000025171057
000025229476
000002296749
000003726191
000067844279
000067988654
000069253270
000066378811
000067300471
000067488444
000063218063
000064082948
000053120454
000049374360
000049955047
000000737577
000000829055
000064210895
000064851530
000091414961
000092335691
000092820066
000070198928
000070528422
000071039594
000098989002
000099002488
000099677574
000029871328
000030151696
000089444665
000057854264
000078709917
000073858659
000014084077
000080214993
000080303743
000080911260
000007025997
000007824030
000088329552
000004631192
000005978534
000006314205
000006502630
000086977385
000087248884
000087695151
000088079695
000060451857
000061581707
000043525440
000043968174
000044553176
000040544713
000042169862
000083237051
000083248719
000083312089
000020418061
000020785775
000051076110
000051671690
000052086724
000054515697
000054633971
000054758073
000097967328
000034458922
000034532105
000010121092
000012029891
000018904077
000020401625
000037280746
000040021391
000025453247
000005182386
000021053574
000071138289
000097084811
000034279191
000059392332
000023063758
000047755403
000098720163
000099217838
000014027707
000014034138
000081956801
000082205224
000082621571
000022482211
000024346109
000024436422
000021218872
000021777172
000022053782
000056361385
000056595836
000056888495
000079319968
000079748525
000079831593
000079848243
000080301458
000093565878
000094428008
000095823901
000024585027
000025033608
000025254435
000025937787
000034255297
000034277415
000040485442
000040756667
000032344228
000032569118
000032617813
000097555742
000097925374
000098600208
000049623543
000050220613
000050323155
000014268884
000014783858
000016711878
000017213220
000086116554
000086129563
000087216041
000087255264
000052904972
000053260245
000012391077
000012764460
000013351548
000013361778
000085791572
000086071132
000086100102
000051980538
000052117549
000052448112
000035515967
000035936114
000036630759
000036973832
000069379423
000069481559
000069895644
000017994216
000018113022
000018278130
000069903630
000070407053
000071218732
000062210205
000062418041
000062719865
000062858760
000058250315
000059932833
000059951813
000004704480
000005839877
000006194918
000083068228
000083539447
000007595869
000008337444
000003504454
000003760270
000046280277
000048828414
000061050550
000061499631
000061504177
000061507009
000065746428
000066012310
000071483529
000071765184
000071766352
000072070868
000072914941
000026901488
000027424470
000028164869
000028745800
000080338344
000080609714
000080955255
000081092960
000074179558
000075273205
000075438006
000076254920
000037005099
000038301702
000038916315
000039522057
000067661866
000068764347
000068802565
000068849025
000063392194
000065159486
000042863005
000043040398
000090194741
000090253111
000090314183
000090557023
000054552397
000055478711
000001934375
000002757585
000002758817
000034862855
000000458976
000000613223
000010867560
000011030480
000012119704
000028810662
000029313096
000029427900
000031622058
000096052273
000097386630
000076936765
000077983500
000078375316
000033030797
000033336692
000034241299
000044165129
000045835265
000020971514
000090651669
000091474448
000092381250
000008349556
000010000952
000010295754
000017406332
000017480176
000017819722
000092895731
000093240591
000093247658
000007586696
000069842669
000084482871
000075198966
000094345446
000098077078
000059355209
000060774324
000075278325
000066980267
000030839590
000030978066
000032062629
000023207511
000063873628
000055104004
000055203542
000035968441
000029658673
000049850700
000051289725
000051999613
000087738590
000091217716
000084791358
000056117209
000007836916
000015411565
000099561404
000048842744
000048846112
000061829162
000018801650
000014786947
000012485016
000013325745
000013471924
000006504813
000025193415
000025492584
000025507276
000025527440
000001163495
000016069129
000016140261
000017743852
000078531436
000018838739
000019094771
000021245205
000023431130
000023813395
000025122236
000069026991
000069548777
000070086597
000099747799
000004908925
000005877888
000039530825
000040231228
000040233957
000040983027
000001885390
000045234090
000043347465
000044121224
000063961493
000070830069
000086644823
000091501582
000089737719
000063301798
000038264758
000001791747
000092744330
000050910531
000002660085
000016635570
000097044662
000085098596
000056671932
000015526050
000002695459
000043321027
000085121344
000061120609
000062050071
000055915361
000070769969
000000469693
000001038801
000001441076
000064672179
000066072621
000057135861
000057401705
000057598971
000084158838
000084915055
000085063701
000085068141
000090814109
000038685366
000038793721
000040032718
000083830785
000061231173
000061561596
000061588737
000062182476
000093454722
000007047216
000054829951
000055744910
000055793162
000055982442
000044062132
000044647495
000045243088
000047501131
000048310052
000049311998
000097067339
000097659232
000098537667
000080137080
000080271792
000080732340
000083049855
000029980214
000042823353
000042855921
000043217738
000025073654
000025836330
000054609183
000054729776
000028813248
000028827850
000029708729
000029963972
000018090882
000018494678
000018632052
000018983258
000019340307
000019432693
000071672039
000072291976
000072449671
000016720517
000065007029
000020841951
000020843854
000021313420
000066798817
000060281382
000060301120
000007779851
000009740318
000069156055
000069295276
000070065392
000036529694
000036903472
000037098647
000076153018
000076972990
000020796903
000073113515
000074304888
000074586509
000095886795
000096259931
000091492921
000091843900
000092159995
000092170861
000012646956
000012975877
000013377477
000098958194
000099297662
000099954902
000004068298
000005019076
000005437200
000022105198
000022465536
000088607616
000090561418
000090757912
000014759699
000014803670
000014900981
000047102665
000085513661
000087694854
000026047145
000026400185
000026545049
000024495953
000079415209
000079471229
000027410033
000027511167
000058754043
000059453804
000059791765
000077008362
000040590177
000062180324
000027553119
000043559294
000005002276
000051530670
000036371007
000057173348
000080232105
000098929068
000099875982
000052801880
000002682961
000003287674
000003328367
000003610829
000012809392
000013148228
000014850118
000015059321
000016634839
000016708319
000086922038
000086977706
000087961112
000088067659
000037805580
000038072766
000038666520
000074934634
000076434221
000003629479
000004622874
000004885471
000005352545
000024115048
000024786016
000025000478
000052506288
000052774607
000010111807
000010482778
000011922061
000048731895
000050023214
000063989137
000064309040
000035845244
000037643558
000043813881
000044576096
000093770181
000094090604
000094998851
000031966463
000032804781
000090129274
000090838913
000092186097
000022084493
000067854391
000067955800
000068000499
000068173365
000072299221
000072545430
000073078851
000084138979
000086259237
000086458347
000086549823
000066892780
000067052967
000067342911
000067498283
000073691245
000000556983
000001380042
000002190836
000002270310
000019051332
000019893323
000020051604
000020054476
000020830744
000065086134
000065241453
000065320945
000065620046
000028264513
000028467356
000007062184
000007127936
000007764421
000092589671
000068223643
000069795852
000069832522
000070910152
000096596623
000098562537
000088106971
000088683330
000088742254
000088843492
000060186708
000060718231
000062632949
000063985887
000057968987
000059057693
000060184938
000022202071
000022819584
000023343892
000023755963
000023764540
000030515864
000030649663
000031088322
000031548817
000040201562
000040623634
000041213271
000047317870
000047914118
000048054415
000025821028
000027981638
000018455372
000018952353
000019031295
000077596543
000077623592
000077931327
000057172435
000057348284
000081924774
000082149344
000082594744
000083490451
000041383458
000041548748
000066092324
000066485079
000066785801
000066847819
000038690448
000038760566
000039583981
000039710910
000090994778
000055619168
000024610901
000032581973
000083322473
000010841340
000005879696
000055836894
000056955546
000020113627
000072155879
000018931943
000029061783
000092523261
000069920617
000006265257
000027157405
000019316057
000047804329
000025517914
000051649816
000052071148
000075315363
000086716306
000002904393
000028740917
000054198873
000026470206
000026554536
000039776858
000040428739
000041610677
000096391496
000097096149
000099344314
000069973472
000071332809
000099433083
000099930021
000083358101
000083648239
000041748802
000042396259
000042479340
000043561374
000061756624
000063213959
000063650078
000064999269
000089971463
000090579038
000090945437
000091899826
000092865408
000094807913
000095416815
000095957207
000095958758
000019912904
000020278160
000020537630
000048201226
000048935365
000049314619
000068217983
000068717425
000009808250
000010847852
000011019827
000011693075
000066575316
000066619767
000067260838
000038521433
000006021063
000006368349
000006471914
000006631894
000007324890
000055960242
000058634281
000018490401
000019211795
000003991592
000004702312
000005055175
000005895110
000083785552
000054741718
000054766461
000055723880
000080619139
000065447843
000065933635
000066328899
000085724167
000085965300
000072165508
000072819674
000073347940
000080109989
000080180835
000080461839
000012953830
000012967847
000016151232
000016590495
000016849676
000043588052
000043720294
000052210957
000052356720
000029166355
000029257136
000094768500
000014376759
000026997764
000027409016
000027578624
000044520504
000033691855
000033860514
000034268536
000035490507
000075127752
000047352844
000048047387
000059325249
000000642263
000001311901
000087520552
000087825984
000030869248
000033272497
000001338177
000002103894
000049743945
000050973557
000051445049
000051829237
000046681605
000047245633
000080931535
000081007956
000081682522
000013424686
000013623993
000013697017
000073811405
000073932354
000077402830
000077843394
000078139248
000079807538
000035587656
000031171219
000032887943
000027255432
000084918460
000078035648
000011312832
000019787898
000042255049
000084675654
000058294120
000046959166
000084353398
000076517325
000076847922
000077287526
000077363112
000068169738
000068649293
000068824535
000069159223
000080027030
000080383784
000080856937
000061918098
000062936394
000062960940
000048796945
000049148426
000025067315
000025745071
000049731299
000050246680
000050395729
000028982808
000029751086
000015439849
000089691577
000056864858
000057515374
000059017806
000013243745
000014232183
000014540698
000044395728
000044600713
000044753182
000045049720
000045376266
000061019030
000000215284
000000297685
000015705369
000016190159
000032642894
000078648508
000065871415
000066137615
000066151792
000073767391
000074201575
000074709697
000074996996
000047381951
000047742366
000048028426
000048109235
000019381646
000020035682
000020451157
000020838293
000021114224
000021313782
000041429086
000042643344
000042764536
000008685800
000008773013
000008996449
000009097916
000066736177
000067528603
000038979988
000039287090
000039945087
000045931469
000046226352
000046433302
000046457090
000046903260
000095507335
000095578455
000096466079
000052886278
000053730509
000053790569
000063770152
000064800062
000035569409
000037516467
000037617376
000055518941
000055528763
000006006399
000006177246
000030276332
000032110235
000072628887
000073628015
000051722290
000052862216
000097329782
000097970921
000045838081
000045863294
000034508719
000035061633
000002766073
000003970752
000004794212
000004941007
000082779574
000082984707
000084037702
000084167593
000009219140
000009474438
000010478494
000084724166
000086992161
000087063383
000087817879
000088078827
000091697814
000093371309
000047137568
000047157916
000069242825
000069366941
000070506641
000071097171
000071390350
000077436989
000077539339
000077660233
000055906043
000055969914
000056819618
000064970679
000072303758
000027688788
000028104953
000028490711
000038522325
000001717528
000001938036
000000308867
000000871047
000001647364
000023875871
000024002283
000012645188
000021424019
000022497296
000023818066
000027142434
000027368524
000080996663
000081019439
000081277898
000006905767
000007167925
000007965462
000081745414
000082484651
000043926786
000044104406
000044211617
000094316246
000094505850
000075698628
000075993279
000076279488
000079279134
000079482591
000079630427
000079818517
000098671905
000099345085
000016908046
000017696979
000081634564
000093254795
000046161596
000001121275
000015765805
000042652865
000064214718
000047117408
000043875841
000035931532
000067609815
000089235706
000074542894
000082922411
000000820294
000005451728
000041266477
000074104786
000072947804
000024447518
000099529479
000032719604
000087747553
000035104442
000056477328
000045696465
000006210895
000038472262
000021729241
000069537898
000075941833
000004118866
000054554147
000074846837
000033343345
000068982539
000052285860
000045544719
000098301449
000088964325
000089179801
000043036636
000044385922
000044836688
000007478069
000007787644
000007843654
000039838208
000092126350
000092208408
000055757334
000056757425
000034621212
000016448772
000016521332
000047690807
000047975799
000038436183
000038965837
000072824399
000073668053
000074731388
000033925730
000034315461
000000112288
000000602062
000019767886
000019767938
000019947904
000077829727
000077857132
000078056005
000068049177
000069952570
000070675464
000039923280
000042286891
000042288666
000042432941
000042979666
000043027131
000058908172
000059169753
000060150091
000060975892
000075751859
000075809342
000076516256
000076544039
000035620929
000035868343
000027074970
000027095696
000078410552
000079977505
000009616716
000011834339
000095263539
000096358046
000013025821
000061538083
000061589239
000063400084
000065084605
000083589851
000085356712
000086727453
000030395922
000030954633
000031070544
000072358748
000001720362
000035885865
000036160199
000036503289
000037509984
000092432902
000094506022
000024686194
000024709811
000013646768
000016275727
000051387606
000052713040
000082429116
000066715400
000066786810
000067110223
000025356336
000025431745
000026200823
000022295030
000022886093
000098847514
000099514690
000028765335
000029236228
000031851798
000081006258
000081257882
000045710328
000028185341
000057105753
000057872147
000058060181
000003023509
000005627426
000097739048
000001939282
000002109942
000002437251
000098205180
000075760021
000084828767
000060942682
000093697047
000098606547
000083037309
000027798877
000062252904
000037821661
000029580680
000032899225
000099550415
000019015082
000084838602
